+---------+
|  *HDB*  |
+---------+

20180627

20180628

20180629

Total Nums: 3

+---------+
|  *HDC*  |
+---------+

Total Nums: 0

+---------+
|  *HDD*  |
+---------+

Total Nums: 0

+---------+
|  *HDE*  |
+---------+

20171023

20180119

20180120

20180121

20180122

20180123

20180124

20180125

20180126

20180127

20180128

20180129

20180130

20180131

20180201

20180202

20180203

20180204

20180205

20180206

20180207

20180208

20180209

20180210

20180211

20180212

20180213

20180214

20180215

20180216

20180217

20180218

20180219

20180220

20180221

Total Nums: 35

+---------+
|  *HDF*  |
+---------+

20180222

20180223

20180224

20180225

20180226

20180227

20180228

20180301

20180302

20180303

20180304

20180305

20180306

20180307

20180308

20180309

20180310

20180311

20180312

20180313

20180314

20180315

20180316

20180317

20180318

20180319

20180320

20180321

20180322

Total Nums: 29

+---------+
|  *HDG*  |
+---------+

20180323

20180324

20180325

20180326

20180327

20180328

20180329

20180330

20180331

20180401

20180402

20180404

20180405

20180406

20180407

20180408

20180409

20180410

20180411

20180412

20180413

20180414

20180415

20180416

20180417

20180418

Total Nums: 26

+---------+
|  *HDH*  |
+---------+

20180419

20180420

20180421

20180422

20180423

20180424

20180425

20180426

20180427

20180428

20180429

20180430

20180501

20180502

20180503

20180504

20180505

20180506

20180507

20180508

20180509

20180510

20180511

20180512

20180513

Total Nums: 25

+---------+
|  *HDI*  |
+---------+

20180514

20180515

20180516

20180517

20180518

20180519

20180520

20180521

20180522

20180523

20180524

20180525

20180526

20180527

20180528

20180529

20180530

20180531

20180601

20180602

20180603

20180604

20180605

Total Nums: 23

+---------+
|  *HDJ*  |
+---------+

20180606

20180607

20180608

20180609

20180610

20180611

20180612

20180613

20180614

20180615

20180616

20180617

20180618

20180619

20180620

20180621

20180622

20180623

20180624

20180625

20180626

Total Nums: 21

+---------+
|  *HDK*  |
+---------+

20170120

20170121

20170122

20170123

20170124

20170125

20170126

20170127

Total Nums: 8

+---------+
|  *HDL*  |
+---------+

20170128

20170129

20170130

20170131

20170201

20170202

20170203

20170204

Total Nums: 8

+---------+
|  *HDM*  |
+---------+

20170205

20170206

20170207

20170208

20170209

20170210

20170211

20170212

Total Nums: 8

+---------+
|  *HDN*  |
+---------+

20170213

20170214

20170215

20170216

20170217

20170218

20170219

20170220

Total Nums: 8

+---------+
|  *HDO*  |
+---------+

20170221

20170222

20170223

20170224

20170225

Total Nums: 5
